,Category, Population, Alpha, Beta, KS Dstat, KS pvalue, KS Neutral Dstat, KS Neutral pvalue, Number,Chromosome
0,Synonymous, African,0.17683,4.25735,0.2724,0.0,0.0221,0.16522699999999998,2553,1
1,Nonsynonymous, African,0.16534000000000001,6.607080000000001,0.3537,0.0,0.0015,0.5631430000000001,266392,1
2,Synonymous, Latino,0.1505,4.76664,0.3517,0.0,0.0161,0.368872,3252,1
3,Nonsynonymous, Latino,0.14483,6.88163,0.3964,0.0,0.001,0.842641,345912,1
4,Synonymous, Ashkenazi Jewish,0.2064,2.12047,0.1963,0.0,0.0324,0.359995,809,1
5,Nonsynonymous, Ashkenazi Jewish,0.179,2.15974,0.2452,0.0,0.0034,0.44144399999999995,64344,1
6,Synonymous, East Asian,0.15195,3.0954599999999997,0.3454,0.0,0.0192,0.40527399999999997,2164,1
7,Nonsynonymous, East Asian,0.14722000000000002,4.73882,0.4041,0.0,0.0015,0.641317,229798,1
8,Synonymous, European (Finnish),0.17262,2.22358,0.2177,0.0,0.0203,0.8269540000000001,953,1
9,Nonsynonymous, European (Finnish),0.15032,2.5547,0.3061,0.0,0.0026,0.593371,89719,1
10,Synonymous, European (non-Finnish),0.13212000000000002,9.37497,0.4101,0.0,0.0116,0.353036,6456,1
11,Nonsynonymous, European (non-Finnish),0.12761,12.14537,0.452,0.0,0.001,0.431303,760831,1
12,Synonymous, South Asian,0.14984,5.47995,0.365,0.0,0.0176,0.232933,3483,1
13,Nonsynonymous, South Asian,0.14445,7.28604,0.4109,0.0,0.0011,0.8008430000000001,371006,1
0,Synonymous, African,0.17284000000000002,8.97306,0.3762,0.0,0.0115,0.616494,4361,2
1,Nonsynonymous, African,0.16552,6.8311399999999995,0.3583,0.0,0.0014,0.873743,188828,2
2,Synonymous, Latino,0.15045999999999998,9.48028,0.4084,0.0,0.0115,0.452874,5556,2
3,Nonsynonymous, Latino,0.14606,7.42104,0.3999,0.0,0.0016,0.5571050000000001,245172,2
4,Synonymous, Ashkenazi Jewish,0.17307999999999998,5.66209,0.3676,0.0,0.0183,0.45086099999999996,2216,2
5,Nonsynonymous, Ashkenazi Jewish,0.17829,2.21002,0.2462,0.0,0.0051,0.188027,45732,2
6,Synonymous, East Asian,0.15177000000000002,5.36395,0.406,0.0,0.0144,0.488069,3349,2
7,Nonsynonymous, East Asian,0.14906,5.20404,0.405,0.0,0.0022,0.403181,162645,2
8,Synonymous, European (Finnish),0.1591,3.1251900000000004,0.2894,0.0,0.0276,0.305039,1218,2
9,Nonsynonymous, European (Finnish),0.15049,2.6718900000000003,0.309,0.0,0.0023,0.891342,63464,2
10,Synonymous, European (non-Finnish),0.14121,21.41167,0.4401,0.0,0.0063,0.783687,10956,2
11,Nonsynonymous, European (non-Finnish),0.12854000000000002,13.03911,0.4536,0.0,0.0017,0.10129500000000001,543911,2
12,Synonymous, South Asian,0.15717,10.84789,0.3928,0.0,0.0162,0.165388,4721,2
13,Nonsynonymous, South Asian,0.14492,7.53988,0.4124,0.0,0.0016,0.541858,261729,2
0,Synonymous, African,0.16697,3.89266,0.3128,0.0,0.0119,0.965183,1741,3
1,Nonsynonymous, African,0.1659,7.014060000000001,0.3582,0.0,0.002,0.560701,148695,3
2,Synonymous, Latino,0.14246,4.08711,0.3754,0.0,0.0267,0.079216,2246,3
3,Nonsynonymous, Latino,0.14737999999999998,7.98958,0.3982,0.0,0.0015,0.75363,193855,3
4,Synonymous, Ashkenazi Jewish,0.20232999999999998,2.05966,0.2,0.0,0.0333,0.6146699999999999,523,3
5,Nonsynonymous, Ashkenazi Jewish,0.1789,2.27814,0.2526,0.0,0.0036,0.7319979999999999,36044,3
6,Synonymous, East Asian,0.14103,2.282,0.3753,0.0,0.0334,0.059832,1565,3
7,Nonsynonymous, East Asian,0.14820999999999998,5.10363,0.4059,0.0,0.003,0.215428,127485,3
8,Synonymous, European (Finnish),0.16475,1.8186099999999998,0.2405,0.0,0.0248,0.829046,637,3
9,Nonsynonymous, European (Finnish),0.15175999999999998,2.75894,0.307,0.0,0.0037,0.509654,49695,3
10,Synonymous, European (non-Finnish),0.12409,6.33301,0.4306,0.0,0.0168,0.17924,4296,3
11,Nonsynonymous, European (non-Finnish),0.12993,14.342820000000001,0.4523,0.0,0.0016,0.211135,432147,3
12,Synonymous, South Asian,0.14394,4.7167699999999995,0.3862,0.0,0.0215,0.23259200000000002,2320,3
13,Nonsynonymous, South Asian,0.14648,8.223239999999999,0.412,0.0,0.0012,0.9338,207837,3
0,Synonymous, African,0.15765,2.67156,0.3171,0.0,0.0094,0.998499,1654,4
1,Nonsynonymous, African,0.16391,6.01046,0.3514,0.0,0.004,0.082996,98832,4
2,Synonymous, Latino,0.13813,3.39161,0.3736,0.0,0.0101,0.982699,2109,4
3,Nonsynonymous, Latino,0.14259000000000002,5.99637,0.3996,0.0,0.0021,0.6260479999999999,128271,4
4,Synonymous, Ashkenazi Jewish,0.1834,1.2495,0.2039,0.0,0.0566,0.099941,462,4
5,Nonsynonymous, Ashkenazi Jewish,0.1804,2.05444,0.2395,0.0,0.0056,0.44097600000000003,24353,4
6,Synonymous, East Asian,0.14257,2.3498799999999997,0.3828,0.0,0.0188,0.739123,1321,4
7,Nonsynonymous, East Asian,0.14695999999999998,4.5263800000000005,0.4033,0.0,0.0023,0.74522,84269,4
8,Synonymous, European (Finnish),0.1512,1.13663,0.249,0.0,0.0521,0.085735,574,4
9,Nonsynonymous, European (Finnish),0.15034,2.31497,0.3019,0.0,0.0051,0.359548,33172,4
10,Synonymous, European (non-Finnish),0.11482,3.8435099999999998,0.4455,0.0,0.0126,0.510844,4248,4
11,Nonsynonymous, European (non-Finnish),0.12539,10.5226,0.4539,0.0,0.0017,0.35433200000000004,284812,4
12,Synonymous, South Asian,0.13717000000000001,3.57599,0.3911,0.0,0.0165,0.564979,2284,4
13,Nonsynonymous, South Asian,0.14177,6.22653,0.4137,0.0,0.0016,0.8785219999999999,136967,4
0,Synonymous, African,0.18083,3.9470099999999997,0.2765,0.0,0.0124,0.986884,1321,5
1,Nonsynonymous, African,0.1644,6.4709,0.3541,0.0,0.0026,0.42378299999999997,115321,5
2,Synonymous, Latino,0.1507,4.63366,0.354,0.0,0.0238,0.258368,1786,5
3,Nonsynonymous, Latino,0.14681,7.63627,0.3975,0.0,0.0026,0.275524,149011,5
4,Synonymous, Ashkenazi Jewish,0.20475,1.8147,0.194,0.0,0.0393,0.427399,492,5
5,Nonsynonymous, Ashkenazi Jewish,0.18103,2.29028,0.2418,0.0,0.0054,0.39605300000000004,27799,5
6,Synonymous, East Asian,0.15577,2.75236,0.3487,0.0,0.0129,0.991818,1128,5
7,Nonsynonymous, East Asian,0.14998,5.41444,0.4036,0.0,0.0025,0.571705,98382,5
8,Synonymous, European (Finnish),0.17697000000000002,1.6529599999999998,0.2057,0.0,0.0503,0.184229,465,5
9,Nonsynonymous, European (Finnish),0.1513,2.65293,0.3063,0.0,0.0034,0.754685,38895,5
10,Synonymous, European (non-Finnish),0.12817,5.97123,0.4099,0.0,0.0165,0.36745500000000003,3085,5
11,Nonsynonymous, European (non-Finnish),0.12955,13.99745,0.4523,0.0,0.0024,0.046816,332738,5
12,Synonymous, South Asian,0.14606,4.17063,0.3629,0.0,0.0144,0.861517,1759,5
13,Nonsynonymous, South Asian,0.14629,8.1112,0.4121,0.0,0.0018,0.701629,159475,5
0,Synonymous, African,0.16829000000000002,3.21707,0.301,0.0,0.0343,0.038183,1672,6
1,Nonsynonymous, African,0.16414,5.77878,0.3467,0.0,0.0019,0.756973,131594,6
2,Synonymous, Latino,0.14144,3.0979900000000002,0.3692,0.0,0.0236,0.16647,2233,6
3,Nonsynonymous, Latino,0.14668,6.729539999999999,0.3867,0.0,0.0015,0.821018,167786,6
4,Synonymous, Ashkenazi Jewish,0.20667,1.4734399999999999,0.1677,0.0,0.0286,0.732614,577,6
5,Nonsynonymous, Ashkenazi Jewish,0.1883,2.12033,0.2133,0.0,0.0045,0.48526099999999994,34316,6
6,Synonymous, East Asian,0.1373,1.46646,0.354,0.0,0.0249,0.32193499999999997,1459,6
7,Nonsynonymous, East Asian,0.14777,4.21422,0.3889,0.0,0.0021,0.70536,112290,6
8,Synonymous, European (Finnish),0.1643,1.45822,0.2409,0.0,0.0275,0.662938,703,6
9,Nonsynonymous, European (Finnish),0.15600999999999998,2.5697,0.2843,0.0,0.0023,0.963774,47118,6
10,Synonymous, European (non-Finnish),0.12247999999999999,5.28052,0.4309,0.0,0.009,0.8558479999999999,4512,6
11,Nonsynonymous, European (non-Finnish),0.13022999999999998,13.708520000000002,0.4471,0.0,0.0023,0.032341,376589,6
12,Synonymous, South Asian,0.13851,3.23696,0.3845,0.0,0.0211,0.23419600000000002,2416,6
13,Nonsynonymous, South Asian,0.14538,7.03543,0.4048,0.0,0.0017,0.695466,180915,6
0,Synonymous, African,0.16794,4.20611,0.3168,0.0,0.0083,0.8366549999999999,5609,7
1,Nonsynonymous, African,0.16642,6.53191,0.3494,0.0,0.0026,0.3674,126189,7
2,Synonymous, Latino,0.14371,4.56657,0.3743,0.0,0.0058,0.965101,7261,7
3,Nonsynonymous, Latino,0.14931,8.16288,0.3932,0.0,0.0014,0.9215180000000001,164938,7
4,Synonymous, Ashkenazi Jewish,0.1807,1.62365,0.2187,0.0,0.0142,0.910324,1565,7
5,Nonsynonymous, Ashkenazi Jewish,0.18417999999999998,2.44107,0.2383,0.0,0.0048,0.47659799999999997,30952,7
6,Synonymous, East Asian,0.14385,2.8113799999999998,0.385,0.0,0.015,0.248196,4642,7
7,Nonsynonymous, East Asian,0.15116,5.42775,0.4003,0.0,0.0022,0.693612,108777,7
8,Synonymous, European (Finnish),0.15624000000000002,1.5863200000000002,0.2588,0.0,0.0227,0.275006,1915,7
9,Nonsynonymous, European (Finnish),0.15467,2.8290599999999997,0.3006,0.0,0.006,0.090987,43001,7
10,Synonymous, European (non-Finnish),0.12230999999999999,5.94015,0.4331,0.0,0.0077,0.38805,13935,7
11,Nonsynonymous, European (non-Finnish),0.1318,14.95227,0.4472,0.0,0.0013,0.541539,357577,7
12,Synonymous, South Asian,0.13888,3.9603300000000004,0.3956,0.0,0.0101,0.43292200000000003,7493,7
13,Nonsynonymous, South Asian,0.14848,8.47868,0.4064,0.0,0.0021,0.42576099999999995,174827,7
0,Synonymous, African,0.17991,3.82657,0.2827,0.0,0.021,0.17189000000000002,2771,8
1,Nonsynonymous, African,0.16638,6.606839999999999,0.352,0.0,0.0019,0.86598,94735,8
2,Synonymous, Latino,0.14268,3.41701,0.3629,0.0,0.0112,0.702572,3931,8
3,Nonsynonymous, Latino,0.14623,7.23337,0.3967,0.0,0.0022,0.56626,123198,8
4,Synonymous, Ashkenazi Jewish,0.18228,1.42899,0.2189,0.0,0.021,0.838309,871,8
5,Nonsynonymous, Ashkenazi Jewish,0.17973,2.1880599999999997,0.2449,0.0,0.0072,0.189605,22925,8
6,Synonymous, East Asian,0.14545,2.40022,0.3761,0.0,0.0157,0.568338,2501,8
7,Nonsynonymous, East Asian,0.14802,4.88997,0.406,0.0,0.0026,0.663333,81096,8
8,Synonymous, European (Finnish),0.16812,1.68734,0.2336,0.0,0.0172,0.937594,970,8
9,Nonsynonymous, European (Finnish),0.15094000000000002,2.53403,0.3048,0.0,0.0035,0.838888,31606,8
10,Synonymous, European (non-Finnish),0.12325,4.72652,0.4196,0.0,0.0068,0.8913780000000001,7149,8
11,Nonsynonymous, European (non-Finnish),0.12785,12.11926,0.4527,0.0,0.002,0.250716,268677,8
12,Synonymous, South Asian,0.13879,3.02271,0.3716,0.0,0.0079,0.959915,4075,8
13,Nonsynonymous, South Asian,0.14479,7.32642,0.4113,0.0,0.0024,0.434375,131715,8
0,Synonymous, African,0.17588,4.60501,0.2976,0.0,0.0181,0.385782,2514,9
1,Nonsynonymous, African,0.16626,6.89962,0.355,0.0,0.002,0.772193,112486,9
2,Synonymous, Latino,0.15364,5.859380000000001,0.3438,0.0,0.0145,0.514587,3201,9
3,Nonsynonymous, Latino,0.14597000000000002,7.3207,0.3986,0.0,0.0018,0.728482,146061,9
4,Synonymous, Ashkenazi Jewish,0.20884,2.02314,0.1823,0.0,0.0284,0.547027,793,9
5,Nonsynonymous, Ashkenazi Jewish,0.17933,2.27288,0.2495,0.0,0.0101,0.008978,26757,9
6,Synonymous, East Asian,0.15514,3.59346,0.357,0.0,0.0163,0.625428,2132,9
7,Nonsynonymous, East Asian,0.14745999999999998,4.830430000000001,0.405,0.0,0.0036,0.167201,96999,9
8,Synonymous, European (Finnish),0.17022,1.9319,0.2232,0.0,0.0247,0.635355,913,9
9,Nonsynonymous, European (Finnish),0.14901,2.58641,0.3144,0.0,0.0064,0.089395,37821,9
10,Synonymous, European (non-Finnish),0.13126,9.14712,0.4145,0.0,0.0086,0.757038,6118,9
11,Nonsynonymous, European (non-Finnish),0.1291,13.135589999999999,0.4505,0.0,0.0016,0.384538,316809,9
12,Synonymous, South Asian,0.14905,5.602530000000001,0.3745,0.0,0.0134,0.5760529999999999,3373,9
13,Nonsynonymous, South Asian,0.14579,7.815060000000001,0.4112,0.0,0.0023,0.356061,155758,9
0,Synonymous, African,0.17728,4.505780000000001,0.2823,0.0,0.0156,0.764891,1841,10
1,Nonsynonymous, African,0.16582,6.5081,0.3524,0.0,0.0026,0.496267,104952,10
2,Synonymous, Latino,0.15562,5.3022599999999995,0.3307,0.0,0.0174,0.454053,2432,10
3,Nonsynonymous, Latino,0.14443,6.53313,0.3967,0.0,0.0021,0.593287,136062,10
4,Synonymous, Ashkenazi Jewish,0.22618000000000002,2.56975,0.1714,0.0,0.0288,0.631941,672,10
5,Nonsynonymous, Ashkenazi Jewish,0.18068,2.02604,0.2379,0.0,0.0059,0.345059,25559,10
6,Synonymous, East Asian,0.15495,2.8838,0.3255,0.0,0.0186,0.67515,1506,10
7,Nonsynonymous, East Asian,0.14753,4.62879,0.4025,0.0,0.0027,0.5259149999999999,89757,10
8,Synonymous, European (Finnish),0.18416,1.8415599999999999,0.1849,0.0,0.0412,0.147318,760,10
9,Nonsynonymous, European (Finnish),0.1511,2.45456,0.3039,0.0,0.0044,0.506721,35420,10
10,Synonymous, European (non-Finnish),0.13026,7.69175,0.3989,0.0,0.0117,0.564608,4507,10
11,Nonsynonymous, European (non-Finnish),0.12633,10.97692,0.4525,0.0,0.0019,0.225367,296928,10
12,Synonymous, South Asian,0.15015,4.6599,0.3446,0.0,0.018,0.421548,2382,10
13,Nonsynonymous, South Asian,0.14235,6.38109,0.4107,0.0,0.0024,0.355821,145362,10
0,Synonymous, African,0.16671,3.28871,0.2938,0.0,0.0208,0.14632799999999999,3017,11
1,Nonsynonymous, African,0.16454000000000002,6.35191,0.3553,0.0,0.0014,0.927392,161431,11
2,Synonymous, Latino,0.13605,3.02581,0.3813,0.0,0.0197,0.085712,4073,11
3,Nonsynonymous, Latino,0.14253,6.2379,0.4015,0.0,0.0016,0.672103,211246,11
4,Synonymous, Ashkenazi Jewish,0.19007000000000002,1.30826,0.1955,0.0,0.0237,0.6990810000000001,887,11
5,Nonsynonymous, Ashkenazi Jewish,0.17534,1.9776599999999998,0.2518,0.0,0.0052,0.23615999999999998,38992,11
6,Synonymous, East Asian,0.1494,3.03552,0.3777,0.0,0.0117,0.8708309999999999,2572,11
7,Nonsynonymous, East Asian,0.14615,4.58305,0.408,0.0,0.0035,0.061061000000000004,138570,11
8,Synonymous, European (Finnish),0.16793,1.45835,0.2248,0.0,0.0223,0.6945939999999999,1012,11
9,Nonsynonymous, European (Finnish),0.14805,2.31573,0.3117,0.0,0.0033,0.5762729999999999,54554,11
10,Synonymous, European (non-Finnish),0.11824000000000001,4.20094,0.439,0.0,0.008,0.712687,7632,11
11,Nonsynonymous, European (non-Finnish),0.12492,10.08335,0.4555,0.0,0.0011,0.598395,458530,11
12,Synonymous, South Asian,0.1352,3.09116,0.3889,0.0,0.013,0.47156400000000004,4240,11
13,Nonsynonymous, South Asian,0.14148,6.36362,0.4155,0.0,0.0021,0.273854,225784,11
0,Synonymous, African,0.17065,4.56381,0.3217,0.0,0.0185,0.703613,1451,12
1,Nonsynonymous, African,0.16497,6.612610000000001,0.3574,0.0,0.0016,0.86436,137956,12
2,Synonymous, Latino,0.14189000000000002,4.016290000000001,0.3846,0.0,0.0217,0.344004,1862,12
3,Nonsynonymous, Latino,0.14425,6.761089999999999,0.4012,0.0,0.0017,0.6954319999999999,180460,12
4,Synonymous, Ashkenazi Jewish,0.18458,1.5047,0.2297,0.0,0.0309,0.777652,455,12
5,Nonsynonymous, Ashkenazi Jewish,0.18028,2.17635,0.2426,0.0,0.0047,0.447754,33259,12
6,Synonymous, East Asian,0.13935,2.04514,0.3837,0.0,0.0182,0.791183,1282,12
7,Nonsynonymous, East Asian,0.14679,4.69656,0.4064,0.0,0.0024,0.52384,118522,12
8,Synonymous, European (Finnish),0.16083,1.22538,0.2359,0.0,0.0497,0.186898,474,12
9,Nonsynonymous, European (Finnish),0.15054,2.4775,0.3047,0.0,0.0063,0.049119,45968,12
10,Synonymous, European (non-Finnish),0.12147000000000001,5.46955,0.4346,0.0,0.013,0.5578,3733,12
11,Nonsynonymous, European (non-Finnish),0.12697999999999998,11.77533,0.4546,0.0,0.0025,0.016704,397380,12
12,Synonymous, South Asian,0.14012,3.9701,0.3996,0.0,0.0145,0.7831279999999999,2033,12
13,Nonsynonymous, South Asian,0.14345,6.9835,0.4132,0.0,0.0027,0.12211400000000001,192123,12
0,Synonymous, African,0.17121,3.94328,0.3286,0.0,0.0267,0.584083,847,13
1,Nonsynonymous, African,0.16443,6.42619,0.3557,0.0,0.0026,0.9229709999999999,44155,13
2,Synonymous, Latino,0.1442,4.50776,0.3902,0.0,0.0174,0.836334,1269,13
3,Nonsynonymous, Latino,0.14195,5.94386,0.4006,0.0,0.0034,0.5305529999999999,57284,13
4,Synonymous, Ashkenazi Jewish,0.18761,1.47136,0.2176,0.0,0.0628,0.22637100000000002,271,13
5,Nonsynonymous, Ashkenazi Jewish,0.1769,1.9807599999999999,0.2466,0.0,0.011,0.140344,10907,13
6,Synonymous, East Asian,0.1588,4.35763,0.3775,0.0,0.0223,0.828996,787,13
7,Nonsynonymous, East Asian,0.14576,4.4178,0.4047,0.0,0.0027,0.947095,37863,13
8,Synonymous, European (Finnish),0.15994,1.54405,0.2626,0.0,0.0484,0.420037,326,13
9,Nonsynonymous, European (Finnish),0.14769000000000002,2.19322,0.3039,0.0,0.0056,0.739658,14926,13
10,Synonymous, European (non-Finnish),0.12465999999999999,5.821940000000001,0.4389,0.0,0.0145,0.719144,2303,13
11,Nonsynonymous, European (non-Finnish),0.12467,10.342130000000001,0.4564,0.0,0.0015,0.9477690000000001,128386,13
12,Synonymous, South Asian,0.14228,4.3987,0.393,0.0,0.0265,0.319308,1295,13
13,Nonsynonymous, South Asian,0.14107999999999998,6.151269999999999,0.4131,0.0,0.0044,0.185852,61350,13
0,Synonymous, African,0.15479,3.80645,0.3586,0.0,0.0075,0.9067299999999999,5649,14
1,Nonsynonymous, African,0.16545,6.40334,0.3518,0.0,0.0028,0.5051720000000001,84516,14
2,Synonymous, Latino,0.13535999999999998,3.87014,0.3993,0.0,0.0107,0.40422399999999997,6992,14
3,Nonsynonymous, Latino,0.14593,7.102530000000001,0.3959,0.0,0.0024,0.577177,109185,14
4,Synonymous, Ashkenazi Jewish,0.15162,1.91363,0.3368,0.0,0.0198,0.258721,2594,14
5,Nonsynonymous, Ashkenazi Jewish,0.17739000000000002,2.0518,0.2433,0.0,0.006,0.436138,21143,14
6,Synonymous, East Asian,0.1378,2.4885900000000003,0.3954,0.0,0.0099,0.787895,4307,14
7,Nonsynonymous, East Asian,0.1489,4.96353,0.4015,0.0,0.0028,0.607484,72357,14
8,Synonymous, European (Finnish),0.15113,1.36695,0.2613,0.0,0.0114,0.986524,1587,14
9,Nonsynonymous, European (Finnish),0.15120999999999998,2.44106,0.3014,0.0,0.0055,0.372008,28160,14
10,Synonymous, European (non-Finnish),0.11929000000000001,6.16671,0.4555,0.0,0.0041,0.967074,14460,14
11,Nonsynonymous, European (non-Finnish),0.1276,11.95735,0.4525,0.0,0.0013,0.8141510000000001,239487,14
12,Synonymous, South Asian,0.13257,3.1605,0.4009,0.0,0.0148,0.13034400000000002,6192,14
13,Nonsynonymous, South Asian,0.14427,7.05817,0.4106,0.0,0.0011,0.999475,116457,14
0,Synonymous, African,0.18775999999999998,6.1483300000000005,0.2815,0.0,0.0133,0.5142399999999999,3760,15
1,Nonsynonymous, African,0.16692,6.80129,0.3502,0.0,0.003,0.38882,92323,15
2,Synonymous, Latino,0.1604,7.9824,0.3477,0.0,0.0124,0.442038,4852,15
3,Nonsynonymous, Latino,0.1448,6.68577,0.3963,0.0,0.0015,0.946845,118663,15
4,Synonymous, Ashkenazi Jewish,0.20854,2.8353900000000003,0.1947,0.0,0.0228,0.552652,1215,15
5,Nonsynonymous, Ashkenazi Jewish,0.17732,2.04887,0.2494,0.0,0.009,0.05322999999999999,22453,15
6,Synonymous, East Asian,0.15995,4.8779,0.3574,0.0,0.0174,0.289697,3188,15
7,Nonsynonymous, East Asian,0.14942,5.09628,0.401,0.0,0.0023,0.808423,79409,15
8,Synonymous, European (Finnish),0.18362,2.60495,0.2128,0.0,0.0323,0.138835,1271,15
9,Nonsynonymous, European (Finnish),0.15043,2.467,0.3006,0.0,0.0042,0.661837,30277,15
10,Synonymous, European (non-Finnish),0.1336,9.99591,0.4029,0.0,0.0076,0.695787,8685,15
11,Nonsynonymous, European (non-Finnish),0.12693,11.40324,0.4513,0.0,0.0018,0.351879,260412,15
12,Synonymous, South Asian,0.1575,7.5281,0.3506,0.0,0.0091,0.808928,4893,15
13,Nonsynonymous, South Asian,0.14338,6.77952,0.4094,0.0,0.0022,0.581613,127017,15
0,Synonymous, African,0.17365999999999998,4.48034,0.3058,0.0,0.0214,0.093287,3351,16
1,Nonsynonymous, African,0.16741,7.145910000000001,0.3566,0.0,0.0026,0.322867,135909,16
2,Synonymous, Latino,0.14906,5.10545,0.3698,0.0,0.0161,0.184702,4583,16
3,Nonsynonymous, Latino,0.14812999999999998,8.05037,0.3978,0.0,0.0013,0.9319940000000001,178119,16
4,Synonymous, Ashkenazi Jewish,0.19776,1.85949,0.1982,0.0,0.0245,0.5351199999999999,1084,16
5,Nonsynonymous, Ashkenazi Jewish,0.18183,2.5526,0.2514,0.0,0.005,0.387781,32824,16
6,Synonymous, East Asian,0.15378,3.67973,0.3775,0.0,0.0121,0.7445350000000001,3151,16
7,Nonsynonymous, East Asian,0.15089,5.66761,0.4045,0.0,0.0026,0.379387,118206,16
8,Synonymous, European (Finnish),0.17056,1.9512900000000002,0.2273,0.0,0.0157,0.920392,1239,16
9,Nonsynonymous, European (Finnish),0.15399000000000002,3.08351,0.3106,0.0,0.0042,0.40391900000000003,45468,16
10,Synonymous, European (non-Finnish),0.12687,6.7702100000000005,0.4263,0.0,0.0072,0.773612,8515,16
11,Nonsynonymous, European (non-Finnish),0.13111,14.093029999999999,0.4473,0.0,0.0012,0.614908,379155,16
12,Synonymous, South Asian,0.14747000000000002,5.1825,0.3768,0.0,0.0128,0.41521,4741,16
13,Nonsynonymous, South Asian,0.14869000000000002,8.87416,0.4096,0.0,0.0016,0.7096359999999999,190585,16
0,Synonymous, African,0.16515,4.21014,0.3308,0.0,0.0116,0.8690549999999999,2664,17
1,Nonsynonymous, African,0.16557,6.7732,0.3555,0.0,0.0032,0.066837,161444,17
2,Synonymous, Latino,0.15037999999999999,6.51205,0.37,0.0,0.012,0.694663,3483,17
3,Nonsynonymous, Latino,0.14720999999999998,7.86552,0.3982,0.0,0.0016,0.6517310000000001,210309,17
4,Synonymous, Ashkenazi Jewish,0.1942,2.33528,0.2363,0.0,0.0292,0.566966,727,17
5,Nonsynonymous, Ashkenazi Jewish,0.17912,2.22305,0.2483,0.0,0.0029,0.9082709999999999,37993,17
6,Synonymous, East Asian,0.14,2.48979,0.3886,0.0,0.0251,0.128202,2172,17
7,Nonsynonymous, East Asian,0.14825,5.17805,0.4096,0.0,0.0026,0.311502,139232,17
8,Synonymous, European (Finnish),0.16353,2.6367,0.288,0.0,0.0313,0.327374,911,17
9,Nonsynonymous, European (Finnish),0.14902,2.5472599999999996,0.3131,0.0,0.0058,0.053651,53874,17
10,Synonymous, European (non-Finnish),0.12703,8.64564,0.4321,0.0,0.0085,0.7296279999999999,6637,17
11,Nonsynonymous, European (non-Finnish),0.12855,12.73725,0.4519,0.0,0.0018,0.11270999999999999,457175,17
12,Synonymous, South Asian,0.14526,5.70099,0.3943,0.0,0.0086,0.958792,3467,17
13,Nonsynonymous, South Asian,0.14564000000000002,7.838369999999999,0.4122,0.0,0.0011,0.958435,224427,17
0,Synonymous, African,0.17719000000000001,3.10243,0.2784,0.0,0.03,0.361197,941,18
1,Nonsynonymous, African,0.16293,5.82471,0.3525,0.0,0.0053,0.213025,39223,18
2,Synonymous, Latino,0.14683,2.76495,0.3233,0.0,0.0217,0.605414,1231,18
3,Nonsynonymous, Latino,0.1426,6.07911,0.3995,0.0,0.0029,0.781571,50577,18
4,Synonymous, Ashkenazi Jewish,0.20206,1.45383,0.2026,0.0,0.0336,0.680879,456,18
5,Nonsynonymous, Ashkenazi Jewish,0.1766,1.96945,0.2404,0.0,0.0062,0.8622280000000001,9526,18
6,Synonymous, East Asian,0.1571,2.03986,0.3148,0.0,0.0243,0.7514390000000001,774,18
7,Nonsynonymous, East Asian,0.14595999999999998,4.39205,0.4036,0.0,0.0047,0.442925,33332,18
8,Synonymous, European (Finnish),0.17993,1.38409,0.2101,0.0,0.0501,0.159864,497,18
9,Nonsynonymous, European (Finnish),0.14928,2.34497,0.3023,0.0,0.0077,0.41915600000000003,13253,18
10,Synonymous, European (non-Finnish),0.12355,3.4243699999999997,0.3714,0.0,0.0134,0.83746,2143,18
11,Nonsynonymous, European (non-Finnish),0.12427,9.79498,0.4553,0.0,0.0032,0.190423,112607,18
12,Synonymous, South Asian,0.14171,2.56684,0.3376,0.0,0.022,0.54469,1320,18
13,Nonsynonymous, South Asian,0.1418,6.34905,0.4132,0.0,0.005,0.13827,54066,18
0,Synonymous, African,0.16404000000000002,3.77558,0.3132,0.0,0.016,0.324895,3524,19
1,Nonsynonymous, African,0.16602999999999998,6.18355,0.3489,0.0,0.0019,0.49778999999999995,194748,19
2,Synonymous, Latino,0.14468,4.98238,0.3755,0.0,0.0205,0.041482,4628,19
3,Nonsynonymous, Latino,0.1515,8.73896,0.3892,0.0,0.0011,0.9009799999999999,255202,19
4,Synonymous, Ashkenazi Jewish,0.1973,2.0398099999999997,0.2,0.0,0.0342,0.1898,997,19
5,Nonsynonymous, Ashkenazi Jewish,0.18772,2.4910099999999997,0.2297,0.0,0.0053,0.130954,48398,19
6,Synonymous, East Asian,0.14918,3.55591,0.3849,0.0,0.0089,0.975699,2900,19
7,Nonsynonymous, East Asian,0.15300999999999998,5.71073,0.3962,0.0,0.002,0.505803,167356,19
8,Synonymous, European (Finnish),0.15989,1.9034200000000001,0.2664,0.0,0.0251,0.422333,1217,19
9,Nonsynonymous, European (Finnish),0.15513,2.79451,0.3001,0.0,0.0033,0.476522,66845,19
10,Synonymous, European (non-Finnish),0.12470999999999999,7.73843,0.4361,0.0,0.0083,0.5538489999999999,9102,19
11,Nonsynonymous, European (non-Finnish),0.13287000000000002,15.031920000000001,0.4437,0.0,0.0013,0.32971300000000003,535847,19
12,Synonymous, South Asian,0.1466,5.88317,0.3886,0.0,0.017,0.127299,4771,19
13,Nonsynonymous, South Asian,0.15098,9.16489,0.403,0.0,0.0015,0.560557,269167,19
0,Synonymous, African,0.16472,2.59019,0.3054,0.0,0.0271,0.795496,573,20
1,Nonsynonymous, African,0.16660999999999998,6.86569,0.3504,0.0,0.0066,0.005297,68833,20
2,Synonymous, Latino,0.13413,2.4420900000000003,0.3705,0.0,0.0233,0.779817,794,20
3,Nonsynonymous, Latino,0.14976,8.72637,0.3956,0.0,0.0017,0.9519709999999999,89844,20
4,Synonymous, Ashkenazi Jewish,0.20331,2.68958,0.2354,0.0,0.0609,0.42946999999999996,202,20
5,Nonsynonymous, Ashkenazi Jewish,0.1832,2.51171,0.2388,0.0,0.0054,0.719433,16761,20
6,Synonymous, East Asian,0.14861,2.3950099999999996,0.3659,0.0,0.0223,0.957658,523,20
7,Nonsynonymous, East Asian,0.14827,5.08205,0.4067,0.0,0.0041,0.262226,59242,20
8,Synonymous, European (Finnish),0.17839000000000002,2.36877,0.2512,0.0,0.0404,0.862466,222,20
9,Nonsynonymous, European (Finnish),0.15400999999999998,2.9336,0.3042,0.0,0.005,0.607875,23169,20
10,Synonymous, European (non-Finnish),0.12426,5.3099099999999995,0.4327,0.0,0.0285,0.1682,1512,20
11,Nonsynonymous, European (non-Finnish),0.13234,15.71946,0.4485,0.0,0.0013,0.9000530000000001,194018,20
12,Synonymous, South Asian,0.13214,2.34118,0.3927,0.0,0.0264,0.617566,822,20
13,Nonsynonymous, South Asian,0.14931,9.13242,0.4089,0.0,0.0023,0.719849,95072,20
0,Synonymous, African,0.17619,3.4225199999999996,0.2821,0.0,0.0607,0.060913,468,21
1,Nonsynonymous, African,0.16405,5.79395,0.3476,0.0,0.0041,0.66178,32244,21
2,Synonymous, Latino,0.14844000000000002,3.51094,0.3435,0.0,0.0407,0.27663699999999997,590,21
3,Nonsynonymous, Latino,0.1475,7.31809,0.3934,0.0,0.0049,0.288992,40486,21
4,Synonymous, Ashkenazi Jewish,0.18383,1.4800799999999998,0.2685,0.0,0.0506,0.7584930000000001,183,21
5,Nonsynonymous, Ashkenazi Jewish,0.18189,2.12863,0.2394,0.0,0.0092,0.508881,7911,21
6,Synonymous, East Asian,0.16242,2.9548200000000002,0.3333,0.0,0.0601,0.139889,362,21
7,Nonsynonymous, East Asian,0.15138,5.386,0.4,0.0,0.0065,0.204786,27109,21
8,Synonymous, European (Finnish),0.17918,1.9779400000000003,0.2696,0.0,0.0781,0.151502,207,21
9,Nonsynonymous, European (Finnish),0.15072,2.35455,0.3012,0.0,0.0059,0.840883,10903,21
10,Synonymous, European (non-Finnish),0.12299000000000002,3.77506,0.39,0.0,0.0233,0.5874060000000001,1100,21
11,Nonsynonymous, European (non-Finnish),0.12947999999999998,12.50773,0.4462,0.0,0.0029,0.465592,85394,21
12,Synonymous, South Asian,0.14892,4.07744,0.3491,0.0,0.0368,0.344802,641,21
13,Nonsynonymous, South Asian,0.14822000000000002,8.166139999999999,0.4051,0.0,0.0032,0.7625770000000001,42983,21
0,Synonymous, African,0.17674,3.89698,0.2813,0.0,0.0309,0.030458999999999996,2186,22
1,Nonsynonymous, African,0.16655,6.602010000000001,0.3512,0.0,0.0026,0.7965939999999999,63811,22
2,Synonymous, Latino,0.15692,5.229830000000001,0.3225,0.0,0.0129,0.786393,2566,22
3,Nonsynonymous, Latino,0.15244000000000002,9.4299,0.3896,0.0,0.0017,0.9633370000000001,83300,22
4,Synonymous, Ashkenazi Jewish,0.18377000000000002,2.3597200000000003,0.2257,0.0,0.035,0.161157,1016,22
5,Nonsynonymous, Ashkenazi Jewish,0.18819,2.7744299999999997,0.2332,0.0,0.0067,0.460768,16089,22
6,Synonymous, East Asian,0.15819,3.0476400000000003,0.3305,0.0,0.0166,0.757212,1646,22
7,Nonsynonymous, East Asian,0.15128,5.48744,0.3982,0.0,0.0029,0.72759,55212,22
8,Synonymous, European (Finnish),0.18492999999999998,1.8734400000000002,0.1843,0.0,0.037,0.250659,751,22
9,Nonsynonymous, European (Finnish),0.15561,3.0381,0.3002,0.0,0.0056,0.479371,22202,22
10,Synonymous, European (non-Finnish),0.12967,7.123419999999999,0.4018,0.0,0.0084,0.889603,4802,22
11,Nonsynonymous, European (non-Finnish),0.13507,17.32266,0.443,0.0,0.0028,0.13001500000000002,177396,22
12,Synonymous, South Asian,0.15787,5.27732,0.3393,0.0,0.0199,0.283331,2472,22
13,Nonsynonymous, South Asian,0.15298,10.27143,0.4022,0.0,0.0024,0.68283,90000,22
0,Synonymous, African,0.17968,6.401269999999999,0.3251,0.0,0.0257,0.111595,2179,X
1,Nonsynonymous, African,0.16943,6.714180000000001,0.3565,0.0,0.0028,0.736153,61582,X
2,Synonymous, Latino,0.16059,9.77303,0.3767,0.0,0.0155,0.478235,2935,X
3,Nonsynonymous, Latino,0.15454,9.02885,0.3936,0.0,0.0045,0.08630700000000001,77258,X
4,Synonymous, Ashkenazi Jewish,0.20631,3.24187,0.2406,0.0,0.0412,0.280026,572,X
5,Nonsynonymous, Ashkenazi Jewish,0.18719,2.47032,0.2495,0.0,0.0099,0.143243,13382,X
6,Synonymous, East Asian,0.16180999999999998,6.09938,0.396,0.0,0.0277,0.117229,1838,X
7,Nonsynonymous, East Asian,0.15685,5.891380000000001,0.4003,0.0,0.0064,0.027219,51658,X
8,Synonymous, European (Finnish),0.17658,3.3717599999999996,0.2681,0.0,0.0472,0.100048,666,X
9,Nonsynonymous, European (Finnish),0.16035,3.23739,0.3046,0.0,0.0064,0.394604,19701,X
10,Synonymous, European (non-Finnish),0.13723,12.9624,0.4332,0.0,0.0164,0.100352,5544,X
11,Nonsynonymous, European (non-Finnish),0.13638,15.36541,0.4469,0.0,0.0021,0.458816,165461,X
12,Synonymous, South Asian,0.16568,9.90465,0.3826,0.0,0.009,0.981289,2699,X
13,Nonsynonymous, South Asian,0.15724000000000002,8.495410000000001,0.4043,0.0,0.0035,0.307212,76321,X
0,Synonymous, African,1.10134,996.11586,0.282,0.013258,0.1555,0.423353,30,Y
1,Nonsynonymous, African,0.18825,5.18267,0.3989,0.0,0.0219,0.9678530000000001,507,Y
2,Synonymous, Latino,0.69081,831.77057,0.2424,6.2e-05,0.0961,0.383554,86,Y
3,Nonsynonymous, Latino,0.19846,14.630189999999999,0.3985,0.0,0.0338,0.267585,871,Y
4,Synonymous, Ashkenazi Jewish,0.58544,71.46058000000001,0.1837,0.528149,0.3462,0.019715,18,Y
5,Nonsynonymous, Ashkenazi Jewish,0.21441,3.5225400000000002,0.2852,0.0,0.0401,0.945177,172,Y
6,Synonymous, East Asian,0.28113,37.925509999999996,0.4094,0.0,0.1606,0.150533,48,Y
7,Nonsynonymous, East Asian,0.16325,2.8195,0.4067,0.0,0.0355,0.439379,591,Y
8,Synonymous, European (Finnish),0.55352,368.97385,0.2798,0.21600500000000003,0.1853,0.730028,13,Y
9,Nonsynonymous, European (Finnish),0.1465,1.65873,0.4109,0.0,0.0632,0.31558600000000003,226,Y
10,Synonymous, European (non-Finnish),0.35578000000000004,664.29247,0.3504,0.0,0.0588,0.39447,229,Y
11,Nonsynonymous, European (non-Finnish),0.17803,43.90984,0.4463,0.0,0.0209,0.184596,2719,Y
12,Synonymous, South Asian,0.27289,93.36307,0.3786,0.0,0.0794,0.462441,112,Y
13,Nonsynonymous, South Asian,0.18422,17.96569,0.4198,0.0,0.0341,0.11070899999999999,1235,Y
