,Population, Number Synonymous, Number Nonsynonymous, Bin size, Slope, Intercept, pvalue,Chromosome
0,African,2553,266392,0.01,-1.2051,-0.3356,1e-06,1
1,Latino,3252,345912,0.01,-0.5815,-0.5711,0.0060420000000000005,1
2,Ashkenazi Jewish,809,64344,0.01,-1.2076,-0.1064,5e-06,1
3,East Asian,2164,229798,0.01,-1.1076,-0.3739,1.4000000000000001e-05,1
4,European (Finnish),953,89719,0.01,-1.1777,-0.2374,2e-06,1
5,European (non-Finnish),6456,760831,0.01,-0.8218,-0.6628,0.000593,1
6,South Asian,3483,371006,0.01,-1.3977,-0.2521,1e-06,1
0,African,4361,188828,0.01,-0.9367,0.1987,0.00031,2
1,Latino,5556,245172,0.01,-1.6512,0.4901,0.0,2
2,Ashkenazi Jewish,2216,45732,0.01,-1.2171,1.0196,0.00040599999999999995,2
3,East Asian,3349,162645,0.01,-1.7116,0.3266,0.0,2
4,European (Finnish),1218,63464,0.01,-1.4939,0.2469,7.000000000000001e-06,2
5,European (non-Finnish),10956,543911,0.01,-1.2961,0.1099,6e-06,2
6,South Asian,4721,261729,0.01,-1.1784,0.0016,9.1e-05,2
0,African,1741,148695,0.01,-1.6064,-0.3428,1e-06,3
1,Latino,2246,193855,0.01,-1.4489,-0.5094,2e-06,3
2,Ashkenazi Jewish,523,36044,0.01,-1.5507,-0.1801,2e-06,3
3,East Asian,1565,127485,0.01,-1.5435,-0.2495,0.0,3
4,European (Finnish),637,49695,0.01,-1.4733,-0.3809,2.3e-05,3
5,European (non-Finnish),4296,432147,0.01,-1.6988,-0.6355,0.0,3
6,South Asian,2320,207837,0.01,-1.3248,-0.5244,8e-06,3
0,African,1654,98832,0.01,-1.1395,-0.3968,0.000135,4
1,Latino,2109,128271,0.01,-1.3254,-0.4944,1.1e-05,4
2,Ashkenazi Jewish,462,24353,0.01,-1.8717,-0.1229,0.0,4
3,East Asian,1321,84269,0.01,-1.5066,-0.5284,1.8e-05,4
4,European (Finnish),574,33172,0.01,-1.9357,-0.1764,0.0,4
5,European (non-Finnish),4248,284812,0.01,-1.8454,-0.3038,0.0,4
6,South Asian,2284,136967,0.01,-1.3333,-0.3875,5e-06,4
0,African,1321,115321,0.01,-1.8258,-0.362,0.0,5
1,Latino,1786,149011,0.01,-1.2514,-0.7007,4.1e-05,5
2,Ashkenazi Jewish,492,27799,0.01,-1.5798,-0.1597,0.0,5
3,East Asian,1128,98382,0.01,-2.0513,-0.6572,0.0,5
4,European (Finnish),465,38895,0.01,-1.7539,-0.4666,0.0,5
5,European (non-Finnish),3085,332738,0.01,-1.6015,-0.7975,0.0,5
6,South Asian,1759,159475,0.01,-1.6494,-0.5945,2e-06,5
0,African,1672,131594,0.01,-1.7183,-0.2793,0.0,6
1,Latino,2233,167786,0.01,-1.405,-0.3258,2e-06,6
2,Ashkenazi Jewish,577,34316,0.01,-1.8278,-0.0555,2e-06,6
3,East Asian,1459,112290,0.01,-1.6933,-0.1091,0.0,6
4,European (Finnish),703,47118,0.01,-1.9517,0.0595,0.0,6
5,European (non-Finnish),4512,376589,0.01,-2.0286,-0.1732,0.0,6
6,South Asian,2416,180915,0.01,-1.5731,-0.2273,2e-06,6
0,African,5609,126189,0.01,-0.39,-0.2447,0.06827000000000001,7
1,Latino,7261,164938,0.01,-0.5739,-0.0679,0.015456999999999999,7
2,Ashkenazi Jewish,1565,30952,0.01,-0.6103,0.0178,0.009243000000000001,7
3,East Asian,4642,108777,0.01,-0.8807,-0.032,0.000281,7
4,European (Finnish),1915,43001,0.01,-0.5533,-0.0727,0.050765,7
5,European (non-Finnish),13935,357577,0.01,-0.6369,-0.1415,0.016747,7
6,South Asian,7493,174827,0.01,-0.4176,-0.1654,0.125644,7
0,African,2771,94735,0.01,-0.7408,-0.3733,0.0035409999999999994,8
1,Latino,3931,123198,0.01,-0.6708,-0.4419,0.012084000000000001,8
2,Ashkenazi Jewish,871,22925,0.01,-1.0752,-0.0513,7.099999999999999e-05,8
3,East Asian,2501,81096,0.01,-1.4426,-0.2091,1e-06,8
4,European (Finnish),970,31606,0.01,-0.7969,-0.2461,0.007571,8
5,European (non-Finnish),7149,268677,0.01,-1.107,-0.5464,3e-06,8
6,South Asian,4075,131715,0.01,-1.0808,-0.2981,4.1e-05,8
0,African,2514,112486,0.01,-0.5705,-0.617,0.016343,9
1,Latino,3201,146061,0.01,-0.8431,-0.6114,0.009545,9
2,Ashkenazi Jewish,793,26757,0.01,-0.983,-0.3006,0.001168,9
3,East Asian,2132,96999,0.01,-0.9126,-0.594,0.004779,9
4,European (Finnish),913,37821,0.01,-0.9829,-0.4475,0.001935,9
5,European (non-Finnish),6118,316809,0.01,-1.0937,-0.5992,0.000743,9
6,South Asian,3373,155758,0.01,-0.7224,-0.6617,0.017261000000000002,9
0,African,1841,104952,0.01,-1.1755,-0.4026,1.7e-05,10
1,Latino,2432,136062,0.01,-0.6276,-0.7611,0.015203999999999999,10
2,Ashkenazi Jewish,672,25559,0.01,-0.9902,-0.2137,0.003111,10
3,East Asian,1506,89757,0.01,-0.7991,-0.6774,0.001655,10
4,European (Finnish),760,35420,0.01,-0.9957,-0.4344,0.000907,10
5,European (non-Finnish),4507,296928,0.01,-0.9763,-0.8441,0.0028350000000000003,10
6,South Asian,2382,145362,0.01,-1.0627,-0.7811,0.000174,10
0,African,3017,161431,0.01,-0.8305,-0.3842,0.00041799999999999997,11
1,Latino,4073,211246,0.01,-0.7511,-0.3975,0.002482,11
2,Ashkenazi Jewish,887,38992,0.01,-0.8717,-0.2104,0.000276,11
3,East Asian,2572,138570,0.01,-0.9366,-0.412,0.000733,11
4,European (Finnish),1012,54554,0.01,-0.9349,-0.4315,0.00031600000000000004,11
5,European (non-Finnish),7632,458530,0.01,-0.9917,-0.5267,0.000173,11
6,South Asian,4240,225784,0.01,-0.7224,-0.4558,0.001325,11
0,African,1451,137956,0.01,-1.7324,-0.2816,0.0,12
1,Latino,1862,180460,0.01,-1.8303,-0.35,0.0,12
2,Ashkenazi Jewish,455,33259,0.01,-1.7811,-0.1161,0.0,12
3,East Asian,1282,118522,0.01,-1.8844,-0.3222,0.0,12
4,European (Finnish),474,45968,0.01,-1.5803,-0.4749,1e-06,12
5,European (non-Finnish),3733,397380,0.01,-1.6362,-0.6269,0.0,12
6,South Asian,2033,192123,0.01,-1.7346,-0.3554,0.0,12
0,African,847,44155,0.01, nan, nan, nan,13
1,Latino,1269,57284,0.01, -2.2397, -0.4024, 0.000004,13
2,Ashkenazi Jewish,271,10907,0.01, -2.2858, -0.2277, 0.000000,13
3,East Asian,787,37863,0.01, -3.0557, -0.3631, 0.000000,13
4,European (Finnish),326,14926,0.01, -2.8971, -0.2879, 0.000000,13
5,European (non-Finnish),2303,128386,0.01, -2.6773, -0.5540, 0.000000,13
6,South Asian,1295,61350,0.01, -3.2330, -0.2217, 0.000000,13
0,African,5649,84516,0.01,-0.3182,-0.159,0.14747000000000002,14
1,Latino,6992,109185,0.01,-0.428,-0.2321,0.074645,14
2,Ashkenazi Jewish,2594,21143,0.01,-0.6883,0.5828,0.012497,14
3,East Asian,4307,72357,0.01,-0.7426,-0.1568,0.013252000000000002,14
4,European (Finnish),1587,28160,0.01,-0.7283,-0.2446,0.004562,14
5,European (non-Finnish),14460,239487,0.01,-0.6986,-0.1983,0.004118,14
6,South Asian,6192,116457,0.01,-0.7347,-0.2614,0.006561,14
0,African,3760,92323,0.01,-0.3134,-0.4849,0.214464,15
1,Latino,4852,118663,0.01,-0.5245,-0.3073,0.066117,15
2,Ashkenazi Jewish,1215,22453,0.01,-0.4375,-0.1601,0.088801,15
3,East Asian,3188,79409,0.01,-0.668,-0.2777,0.02973,15
4,European (Finnish),1271,30277,0.01,-0.943,-0.216,0.004582,15
5,European (non-Finnish),8685,260412,0.01,-0.8447,-0.5348,0.005682,15
6,South Asian,4893,127017,0.01,-0.2992,-0.4497,0.310263,15
0,African,3351,135909,0.01,-0.9239,-0.3045,0.000136,16
1,Latino,4583,178119,0.01,-0.6995,-0.5573,0.009395,16
2,Ashkenazi Jewish,1084,32824,0.01,-1.0942,-0.1179,5.5e-05,16
3,East Asian,3151,118206,0.01,-0.7502,-0.4591,0.002908,16
4,European (Finnish),1239,45468,0.01,-1.0597,-0.3542,0.000178,16
5,European (non-Finnish),8515,379155,0.01,-1.0413,-0.5319,0.000144,16
6,South Asian,4741,190585,0.01,-0.8801,-0.5429,0.000471,16
0,African,2664,161444,0.01,-0.7553,-0.3577,0.00016,17
1,Latino,3483,210309,0.01,-1.6115,-0.0059,0.0,17
2,Ashkenazi Jewish,727,37993,0.01,-1.4308,0.0419,0.0,17
3,East Asian,2172,139232,0.01,-1.3981,-0.2167,0.0,17
4,European (Finnish),911,53874,0.01,-1.4381,-0.0334,1e-06,17
5,European (non-Finnish),6637,457175,0.01,-1.3631,-0.2203,3e-06,17
6,South Asian,3467,224427,0.01,-1.614,-0.0853,0.0,17
0,African,941,39223,0.01, -2.7447, -0.2326, 0.000000,18
1,Latino,1231,50577,0.01, -1.7737, -0.8309, 0.000002,18
2,Ashkenazi Jewish,456,9526,0.01, -1.0764, -0.3515, 0.000182,18
3,East Asian,774,33332,0.01, nan, nan, nan,18
4,European (Finnish),497,13253,0.01, -1.6276, -0.3764, 0.000080,18
5,European (non-Finnish),2143,112607,0.01, nan, nan, nan,18
6,South Asian,1320,54066,0.01, -1.3493, -0.8881, 0.000147,18
0,African,3524,194748,0.01,-0.4952,-0.3713,0.01721,19
1,Latino,4628,255202,0.01,-0.8685,-0.2777,0.000181,19
2,Ashkenazi Jewish,997,48398,0.01,-1.0757,-0.0406,0.000123,19
3,East Asian,2900,167356,0.01,-0.914,-0.2568,0.0060609999999999995,19
4,European (Finnish),1217,66845,0.01,-1.1439,-0.0614,0.00025299999999999997,19
5,European (non-Finnish),9102,535847,0.01,-1.0493,-0.2337,0.000377,19
6,South Asian,4771,269167,0.01,-0.9374,-0.2179,0.00042800000000000005,19
0,African,573,68833,0.01,-1.974,-0.7692,1e-06,20
1,Latino,794,89844,0.01,-3.0578,-0.4656,1e-06,20
2,Ashkenazi Jewish,202,16761,0.01,-3.6521,-0.0214,1e-06,20
3,East Asian,523,59242,0.01,-2.0193,-0.9306,2.4e-05,20
4,European (Finnish),222,23169,0.01,-2.9761,-0.5904,0.0,20
5,European (non-Finnish),1512,194018,0.01,-2.8535,-0.7354,0.0,20
6,South Asian,822,95072,0.01,-3.4455,-0.5437,0.0,20
0,African,468,32244,0.01, -2.6272, -0.5342, 0.000000,21
1,Latino,590,40486,0.01, nan, nan, nan,21
2,Ashkenazi Jewish,183,7911,0.01, nan, nan, nan,21
3,East Asian,362,27109,0.01, nan, nan, nan,21
4,European (Finnish),207,10903,0.01, -3.0617, -0.3611, 0.000006,21
5,European (non-Finnish),1100,85394,0.01, -2.7090, -0.7557, 0.000000,21
6,South Asian,641,42983,0.01, -2.5629, -0.8100, 0.000000,21
0,African,2186,63811,0.01, -0.8655, -0.5775, 0.000508,22
1,Latino,2566,83300,0.01, -0.6867, -0.8145, 0.017285,22
2,Ashkenazi Jewish,1016,16089,0.01, nan, nan, nan,22
3,East Asian,1646,55212,0.01, -0.9669, -0.8752, 0.001223,22
4,European (Finnish),751,22202,0.01, -1.1865, -0.4310, 0.000012,22
5,European (non-Finnish),4802,177396,0.01, -1.3777, -0.6969, 0.000002,22
6,South Asian,2472,90000,0.01, nan, nan, nan,22
0,African,2179,61582,0.01,-1.275,-0.2409,7.5e-05,X
1,Latino,2935,77258,0.01,-1.5732,-0.1808,3.9e-05,X
2,Ashkenazi Jewish,572,13382,0.01,-1.5463,-0.0835,1.4999999999999999e-05,X
3,East Asian,1838,51658,0.01,-1.7685,-0.1104,1e-06,X
4,European (Finnish),666,19701,0.01,-2.1791,-0.1331,4e-06,X
5,European (non-Finnish),5544,165461,0.01,-1.8927,-0.1986,4e-06,X
6,South Asian,2699,76321,0.01,-1.6872,-0.1449,2e-06,X
0,African,30,507,0.01, nan, nan, nan,Y
1,Latino,86,871,0.01, nan, nan, nan,Y
2,Ashkenazi Jewish,18,172,0.01, nan, nan, nan,Y
3,East Asian,48,591,0.01, nan, nan, nan,Y
4,European (Finnish),13,226,0.01, nan, nan, nan,Y
5,European (non-Finnish),229,2719,0.01, nan, nan, nan,Y
6,South Asian,112,1235,0.01, nan, nan, nan,Y
